[2026-03-30 14:54:10,637] [INFO] [run_benchmark.py:158:main] input data:                   date   HUFL   HULL   MUFL   MULL   LUFL   LULL         OT
0  2016-07-01 00:00:00  5.827  2.009  1.599  0.462  4.203  1.340  30.531000
1  2016-07-01 01:00:00  5.693  2.076  1.492  0.426  4.142  1.371  27.787001
2  2016-07-01 02:00:00  5.157  1.741  1.279  0.355  3.777  1.218  27.787001
3  2016-07-01 03:00:00  5.090  1.942  1.279  0.391  3.807  1.279  25.044001
4  2016-07-01 04:00:00  5.358  1.942  1.492  0.462  3.868  1.279  21.948000
[2026-03-30 14:54:10,639] [INFO] [run_benchmark.py:170:main] input windows: SeriesWindowBatch(dataset_name='ETTh1', target_col='OT', time_col='date', contexts=array([[30.531, 27.787, 27.787, 25.044, 21.948, 21.174, 22.792, 23.144,
        21.667, 17.446, 19.979, 20.119, 19.205, 18.572, 19.556, 17.305,
        19.486, 19.134, 20.682, 18.712, 17.868, 18.009, 18.009, 19.768,
        21.104, 19.697, 20.049, 20.752, 21.385, 22.23 , 20.26 , 21.104,
        20.612, 18.361, 20.963, 19.416, 20.823, 20.19 , 21.315, 22.019,
        20.682, 25.466, 25.888, 27.857, 27.295, 22.23 , 21.948, 27.295,
        29.335, 26.028, 24.34 , 26.45 , 25.958, 24.059, 25.325, 23.637,
        26.38 , 27.365, 28.068, 29.475, 26.802, 29.968, 30.39 , 31.164,
        29.757, 32.289, 31.938, 28.561, 21.526, 22.23 , 19.416, 18.572,
        21.667, 25.536, 27.857, 27.928, 24.621, 23.848, 23.074, 22.511,
        21.667, 25.395, 25.184, 29.546, 29.475, 29.264, 30.953, 31.726,
        33.133, 28.983, 28.983, 31.726, 25.184, 30.531, 27.646, 25.466,
        25.958, 25.958, 26.028, 28.913, 30.46 , 31.375, 32.782, 31.726,
        30.32 , 30.46 , 32.922, 31.093, 25.677, 27.154, 28.772, 30.601,
        32.008, 33.133, 31.515, 31.023, 31.445, 31.726, 30.953, 30.46 ,
        28.913, 30.39 , 31.515, 31.234, 30.531, 30.109, 30.32 , 29.616],
       [34.822, 34.892, 33.344, 31.656, 33.485, 32.641, 32.5  , 33.063,
        33.485, 33.696, 33.556, 33.344, 32.993, 33.344, 33.907, 33.204,
        34.189, 35.947, 36.369, 36.088, 36.088, 36.229, 38.409, 39.605,
        40.098, 40.52 , 37.847, 37.354, 36.018, 36.158, 36.018, 36.229,
        36.51 , 36.721, 36.58 , 37.706, 37.706, 37.636, 37.003, 38.55 ,
        38.058, 37.003, 37.003, 29.827, 32.852, 36.158, 35.807, 37.776,
        39.535, 38.269, 34.751, 33.767, 32.852, 33.133, 34.329, 35.385,
        34.54 , 32.711, 33.907, 34.681, 35.666, 34.47 , 35.314, 33.837,
        35.877, 35.525, 36.58 , 37.354, 34.611, 33.837, 33.204, 34.681,
        36.721, 34.751, 24.903, 32.852, 33.133, 29.968, 30.39 , 31.375,
        31.304, 32.641, 33.344, 33.344, 34.611, 33.907, 34.54 , 35.385,
        34.329, 31.586, 31.375, 30.742, 31.586, 31.375, 31.023, 25.817,
        24.903, 18.009, 22.441, 16.883, 22.089, 24.199, 25.747, 26.521,
        26.943, 27.365, 28.35 , 28.068, 28.35 , 27.928, 27.717, 29.897,
        30.179, 31.445, 33.204, 33.415, 32.711, 32.852, 33.204, 34.048,
        35.525, 34.47 , 35.596, 33.626, 32.149, 32.008, 31.726, 30.882]],
      dtype=float32), targets=array([[30.531, 32.993, 30.249, 30.249, 30.671, 31.586, 31.938, 28.983,
        27.717, 30.671, 24.34 , 29.686, 30.249, 29.968, 29.546, 28.491,
        28.561, 28.772, 27.717, 28.139, 27.365, 26.732, 26.38 , 25.395],
       [31.304, 31.234, 31.726, 31.234, 31.867, 32.219, 31.726, 32.289,
        34.259, 33.978, 34.47 , 35.244, 36.299, 36.721, 38.339, 40.027,
        37.987, 39.113, 37.003, 35.244, 34.189, 33.837, 33.485, 33.485]],
      dtype=float32), start_indices=array([  0, 256]), time_index=['2016-07-06 07:00:00', '2016-07-16 23:00:00'])
